num_scal_reads = 32

scal_read_bcm1_current = 5.09585, 5.07717, 5.08653, 5.08563, 5.07243, 5.08041, 5.08458, 5.09358, 5.09607, 5.08116, 5.0816, 5.07493, 5.08293, 5.08374, 5.07797, 5.07958, 5.07048, 5.07711, 5.06836, 5.06686, 5.08495, 5.07236, 5.07716, 5.07987, 5.07288, 5.08916, 2.6571, -0.0797993, -0.0798329, -0.0799641, -0.0799595, -0.0798128

scal_read_bcm2_current = 5.10492, 5.08149, 5.09087, 5.08995, 5.07666, 5.08467, 5.08887, 5.09794, 5.10039, 5.08554, 5.08591, 5.07923, 5.0872, 5.08805, 5.08251, 5.08392, 5.07479, 5.08155, 5.07284, 5.07126, 5.08956, 5.07695, 5.08168, 5.08444, 5.0774, 5.09377, 2.65339, -0.0929884, -0.092978, -0.0929881, -0.0929276, -0.0929627

scal_read_bcm4a_current = 6.53227, 6.50424, 6.51694, 6.51335, 6.49657, 6.50717, 6.51163, 6.52298, 6.52613, 6.51013, 6.50912, 6.50211, 6.51179, 6.5125, 6.50483, 6.50649, 6.49567, 6.50241, 6.49104, 6.48923, 6.51184, 6.49653, 6.50177, 6.50536, 6.49619, 6.51536, 3.96664, 1.09808, 1.09943, 1.09788, 1.1026, 1.10299

scal_read_bcm4b_current = 33.3025, 33.257, 33.3423, 33.3441, 33.2369, 33.2883, 33.3051, 33.36, 33.3682, 33.2795, 33.2822, 33.2413, 33.292, 33.2965, 33.2623, 33.2739, 33.2164, 33.26, 33.201, 33.2005, 33.3081, 33.2275, 33.2616, 33.2907, 33.2383, 33.336, 21.9373, 9.10861, 9.10506, 9.08758, 9.12917, 9.11386

scal_read_bcm4c_current = 13.2047, 13.1689, 13.1933, 13.1911, 13.1572, 13.1759, 13.1857, 13.2104, 13.2171, 13.1772, 13.178, 13.1608, 13.1822, 13.1845, 13.1709, 13.1744, 13.1532, 13.1684, 13.1459, 13.1423, 13.1885, 13.1556, 13.1706, 13.1773, 13.1576, 13.198, 7.7607, 1.64129, 1.63899, 1.63634, 1.63104, 1.62782

scal_read_event = 1, 253, 522, 783, 1039, 1294, 1576, 1859, 2106, 2374, 2642, 2890, 3153, 3410, 3680, 3932, 4194, 4486, 4756, 5014, 5286, 5544, 5830, 6108, 6359, 6611, 6905, 6927, 6974, 6995, 7016, 1e+38