num_scal_reads = 11

scal_read_bcm1_current = 4.84827, 4.85792, 4.89063, 4.8982, 4.89883, 4.86136, 4.81972, 4.86968, 4.84481, 4.82282, 4.82282

scal_read_bcm2_current = 4.8283, 4.83795, 4.87065, 4.87831, 4.87886, 4.84145, 4.79974, 4.84975, 4.82481, 4.80275, 4.80275

scal_read_bcm4a_current = 4.90184, 4.91106, 4.94416, 4.95136, 4.95102, 4.91321, 4.87144, 4.92127, 4.89808, 4.87631, 4.87631

scal_read_bcm4b_current = 4.96856, 4.97709, 5.00836, 5.01602, 5.01778, 4.98032, 4.94035, 4.9887, 4.96365, 4.94121, 4.94121

scal_read_bcm4c_current = 4.92017, 4.93043, 4.96288, 4.97221, 4.97398, 4.9351, 4.89137, 4.94133, 4.91872, 4.89615, 4.89615

scal_read_event = 5254, 10000, 15345, 20000, 25323, 30000, 35261, 40000, 45287, 50000, 1e+38