num_scal_reads = 59

scal_read_bcm1_current = 4.7815, 4.76738, 4.7752, 4.7673, 4.77011, 4.76903, 4.76867, 4.76715, 4.76591, 4.77207, 4.76225, 4.77051, 4.7808, 4.77919, 4.77884, 4.77831, 4.76764, 4.76612, 4.77779, 4.77712, 4.77987, 4.77156, 4.77184, 4.77275, 4.76476, 4.77333, 4.77287, 4.77876, 4.77001, 4.76039, 4.76739, 4.77123, 4.76758, 4.76975, 4.77667, 4.77501, 4.76639, 4.77852, 4.78298, 4.78077, 4.78229, 4.78021, 4.77135, 4.76506, 4.77252, 4.78171, 4.77895, 4.778, 4.76383, 4.76744, 4.77886, 4.77155, 4.76924, 4.76352, 4.76595, 4.76601, 4.76607, 0.168857, -0.0802158

scal_read_bcm2_current = 4.77637, 4.77224, 4.77999, 4.77211, 4.77503, 4.77377, 4.77348, 4.77193, 4.77083, 4.777, 4.76731, 4.77551, 4.78574, 4.78413, 4.78375, 4.78339, 4.77255, 4.77117, 4.78282, 4.78223, 4.78495, 4.77676, 4.77685, 4.77786, 4.76993, 4.77867, 4.77798, 4.78393, 4.77517, 4.76549, 4.77251, 4.77624, 4.77262, 4.77465, 4.78173, 4.78017, 4.77155, 4.78348, 4.78811, 4.78607, 4.78735, 4.78539, 4.7763, 4.77011, 4.77757, 4.78682, 4.78414, 4.7832, 4.76904, 4.77247, 4.7839, 4.77656, 4.77419, 4.76849, 4.77095, 4.77091, 4.77104, 0.157117, -0.0929706

scal_read_bcm4a_current = 6.14004, 6.11892, 6.12896, 6.12035, 6.12433, 6.12225, 6.12277, 6.12095, 6.12024, 6.12722, 6.11591, 6.12619, 6.1389, 6.1368, 6.13685, 6.13508, 6.1216, 6.11927, 6.13407, 6.13329, 6.13628, 6.1259, 6.12668, 6.12668, 6.11864, 6.13043, 6.12921, 6.13655, 6.12567, 6.11421, 6.12219, 6.1272, 6.12255, 6.12362, 6.13329, 6.1321, 6.12066, 6.13499, 6.14176, 6.13897, 6.13997, 6.138, 6.1266, 6.12026, 6.1281, 6.14081, 6.13676, 6.13526, 6.11907, 6.12282, 6.1362, 6.12762, 6.12268, 6.11682, 6.11983, 6.11997, 6.11976, 1.38417, 1.12849

scal_read_bcm4b_current = 31.3752, 31.3485, 31.3912, 31.3477, 31.3666, 31.3586, 31.3514, 31.3433, 31.3417, 31.3766, 31.3192, 31.3678, 31.4279, 31.414, 31.4111, 31.4103, 31.3584, 31.3465, 31.4137, 31.4167, 31.4416, 31.395, 31.3948, 31.396, 31.3502, 31.3914, 31.3915, 31.4265, 31.3706, 31.3114, 31.347, 31.3691, 31.3523, 31.3599, 31.4052, 31.3877, 31.3451, 31.4139, 31.4406, 31.4283, 31.4404, 31.4219, 31.3756, 31.3337, 31.383, 31.4374, 31.4229, 31.4062, 31.3608, 31.379, 31.4139, 31.3668, 31.3575, 31.3223, 31.3441, 31.3452, 31.3466, 10.0648, 8.92882

scal_read_bcm4c_current = 12.3757, 12.3796, 12.3974, 12.3774, 12.3864, 12.3838, 12.3833, 12.3788, 12.3766, 12.3907, 12.3645, 12.3871, 12.4136, 12.4093, 12.4071, 12.4076, 12.3809, 12.3799, 12.4101, 12.4076, 12.4135, 12.3934, 12.396, 12.3974, 12.375, 12.3973, 12.3948, 12.4117, 12.3886, 12.3644, 12.3835, 12.3925, 12.3866, 12.3913, 12.4056, 12.4035, 12.3817, 12.4113, 12.424, 12.421, 12.4235, 12.4167, 12.395, 12.3794, 12.398, 12.4213, 12.4127, 12.4134, 12.3791, 12.3851, 12.4156, 12.3976, 12.392, 12.379, 12.3851, 12.3831, 12.3839, 2.18185, 1.63641

scal_read_event = 1, 1321, 2681, 4007, 5269, 6605, 7924, 9205, 10000, 11316, 12662, 13956, 15263, 16524, 17826, 19185, 20000, 21356, 22690, 24052, 25410, 26688, 27980, 29251, 30000, 31323, 32617, 33933, 35236, 36506, 37831, 39157, 40000, 41354, 42652, 43991, 45317, 46708, 47975, 49334, 50000, 51251, 52568, 53904, 55151, 56425, 57762, 59094, 60000, 61286, 62629, 63961, 65234, 66578, 67892, 69200, 70000, 70668, 1e+38