
; SHMS aerogel gain factors from 0.5% C production run 4698
paero_pos_gain = 1./7.42256, 1./10.382, 1./10.5175, 1./11.9576, 1./10.5628, 1./11.0999, 1./10.9102
paero_neg_gain = 1./12.7807, 1./11.3027, 1./12.3606, 1./11.8236, 1./10.6983, 1./8.67549, 1./12.7334
