num_scal_reads = 50

scal_read_bcm1_current = 40.7614, 41.1655, 40.9076, 41.1267, 41.4415, 41.4034, 41.0605, 40.9439, 40.8064, 41.2731, 41.0154, 41.1189, 40.9991, 41.1622, 41.3147, 40.6351, 40.63, 41.0993, 40.9487, 40.558, 40.6195, 40.9891, 40.9474, 40.8208, 41.0429, 40.8276, 40.9382, 40.9194, 40.9788, 41.1103, 41.0018, 40.8811, 41.057, 41.1448, 40.965, 41.1019, 41.1163, 40.6953, 40.7868, 41.108, 41.071, 41.271, 40.5757, 41.2798, 41.5541, 41.2721, 41.1571, 41.0373, 40.6877, 6.67283

scal_read_bcm2_current = 41.129, 41.4832, 41.2206, 41.436, 41.7519, 41.714, 41.3701, 41.2539, 41.116, 41.5851, 41.3276, 41.432, 41.3132, 41.4804, 41.6356, 40.9536, 40.9507, 41.4259, 41.2775, 40.8858, 40.9478, 41.3193, 41.2775, 41.149, 41.3632, 41.1406, 41.2482, 41.2337, 41.2985, 41.4311, 41.3255, 41.206, 41.3839, 41.4732, 41.2927, 41.4299, 41.4437, 41.0157, 41.1059, 41.4283, 41.3904, 41.5894, 40.8887, 41.5956, 41.8712, 41.5885, 41.4726, 41.353, 41.0026, 6.71347

scal_read_bcm4a_current = 41.2256, 41.5599, 41.2931, 41.5067, 41.8207, 41.786, 41.437, 41.3147, 41.1709, 41.6485, 41.3893, 41.4969, 41.382, 41.5496, 41.7064, 41.0216, 41.0169, 41.4942, 41.3399, 40.9438, 41.0054, 41.3777, 41.3354, 41.2047, 41.4178, 41.1902, 41.2897, 41.2765, 41.342, 41.4786, 41.3759, 41.2558, 41.4324, 41.5192, 41.3334, 41.4702, 41.48, 41.0445, 41.1347, 41.4597, 41.4194, 41.6172, 40.907, 41.6227, 41.9008, 41.6118, 41.5, 41.3777, 41.0269, 7.22927

scal_read_bcm4b_current = 40.6729, 41.4178, 41.1573, 41.3691, 41.6805, 41.6446, 41.3017, 41.1871, 41.0494, 41.5147, 41.2592, 41.3622, 41.2425, 41.4057, 41.5551, 40.881, 40.8782, 41.357, 41.2111, 40.8186, 40.8773, 41.2487, 41.2037, 41.0735, 41.2842, 41.0602, 41.1672, 41.1478, 41.2083, 41.3407, 41.2376, 41.1173, 41.2949, 41.376, 41.198, 41.3318, 41.3558, 40.9257, 41.0148, 41.3355, 41.2953, 41.4879, 40.7893, 41.4871, 41.7611, 41.4855, 41.3692, 41.2541, 40.9127, 7.38129

scal_read_bcm4c_current = 42.2554, 42.6662, 42.3967, 42.6185, 42.9453, 42.9082, 42.5486, 42.4271, 42.2825, 42.7711, 42.4934, 42.6025, 42.4783, 42.654, 42.8164, 42.108, 42.1049, 42.5934, 42.4378, 42.0342, 42.0996, 42.4791, 42.4336, 42.2988, 42.5135, 42.2823, 42.3871, 42.367, 42.4311, 42.5716, 42.4652, 42.3382, 42.521, 42.6137, 42.4302, 42.5711, 42.5799, 42.1308, 42.2208, 42.5524, 42.5149, 42.7191, 41.9962, 42.7316, 43.0139, 42.7159, 42.5929, 42.4685, 42.1072, 7.24341

scal_read_event = 1, 12284, 72303, 102316, 110000, 114623, 134595, 139158, 140000, 159184, 166888, 176917, 200000, 219227, 224636, 226952, 250000, 269243, 289241, 292314, 300000, 304599, 336909, 410000, 470000, 490000, 550000, 622308, 626916, 629213, 690000, 696894, 722293, 726920, 752282, 760000, 829202, 850000, 852304, 859232, 874561, 926920, 950000, 952297, 959194, 992286, 1.02928e+06, 1.05226e+06, 1.06e+06, 1e+38